63 31 7    : 31 15 7 3 1 0 ortho
73 45 10   : 63 54 36 31 15 7 3 1 0 ortho
73 45 10   : 45 42 36 29 25 24 10 2 0 ortho
93 47 8    : 61 47 30 23 11 5 2 ortho
105 53 8   : 53 46 45 32 30 4 0 ortho
273 191 18 : 201 196 186 167 166 159 128 126 115 112 103 67 50 46 24 18 0 ortho
63 31 7    : 31 15 7 3 1 0 ortho
63 37 9    : 37 32 25 22 21 8 2 0 ortho

63 36 11  : 36 31 30 28 27 21 19 18 14 12 11 10 7 5 3 2 1 0 non_ortho
63 30 13  : 30 29 28 25 23 20 19 18 17 16 14 13 10 5 4 3 1 0 non_ortho
127 78 15 : 78 76 73 72 64 63 56 55 54 53 50 49 46 44 40 38 34 33 32 29 28 27 26 24 22 20 15 14 9 8 6 3 1 non_ortho
